<?xml version="1.0" encoding="utf-8"?>
<COLLADA xmlns="http://www.collada.org/2005/11/COLLADASchema" version="1.4.1">
  <asset><contributor><author>Mixamo</author><authoring_tool>COLLADA Mixamo exporter</authoring_tool><comments></comments></contributor><created>2021-09-22T00:55:42Z</created><modified>2021-09-22T00:55:42Z</modified><revision></revision><title></title><unit meter="0.010000"/><up_axis>Y_UP</up_axis></asset>
  <library_animations>
    <animation id="mixamorig_Hips-anim" name="mixamorig_Hips"><source id="mixamorig_Hips-Matrix-animation-input"><float_array id="mixamorig_Hips-Matrix-animation-input-array" count="128">

0.000000 0.033333 0.066667 0.100000 0.133333 0.166667 0.200000 0.233333 0.266667 0.300000 0.333333 0.366667 0.400000 0.433333 0.466667 0.500000
0.533333 0.566667 0.600000 0.633333 0.666667 0.700000 0.733333 0.766667 0.800000 0.833333 0.866667 0.900000 0.933333 0.966667 1.000000 1.033333
1.066667 1.100000 1.133333 1.166667 1.200000 1.233333 1.266667 1.300000 1.333333 1.366667 1.400000 1.433333 1.466667 1.500000 1.533333 1.566667
1.600000 1.633333 1.666667 1.700000 1.733333 1.766667 1.800000 1.833333 1.866667 1.900000 1.933333 1.966667 2.000000 2.033333 2.066667 2.100000
2.133333 2.166667 2.200000 2.233333 2.266667 2.300000 2.333333 2.366667 2.400000 2.433333 2.466667 2.500000 2.533333 2.566667 2.600000 2.633333
2.666667 2.700000 2.733333 2.766667 2.800000 2.833333 2.866667 2.900000 2.933333 2.966667 3.000000 3.033333 3.066667 3.100000 3.133333 3.166667
3.200000 3.233333 3.266667 3.300000 3.333333 3.366667 3.400000 3.433333 3.466667 3.500000 3.533333 3.566667 3.600000 3.633333 3.666667 3.700000
3.733333 3.766667 3.800000 3.833333 3.866667 3.900000 3.933333 3.966667 4.000000 4.033333 4.066667 4.100000 4.133333 4.166667 4.200000 4.233333</float_array><technique_common><accessor source="#mixamorig_Hips-Matrix-animation-input-array" count="128"><param name="TIME" type="float"/></accessor></technique_common></source><source id="mixamorig_Hips-Matrix-animation-output-transform"><float_array id="mixamorig_Hips-Matrix-animation-output-transform-array" count="2048">

0.993473 0.009725 -0.113655 0.007449 -0.027633 0.987200 -0.157072 2.826988 0.110673 0.159187 0.981025 -0.109407 0.000000 0.000000 0.000000 1.000000
0.993466 0.012230 -0.113470 0.008352 -0.030140 0.987059 -0.157500 2.826364 0.110075 0.159891 0.980978 -0.108274 0.000000 0.000000 0.000000 1.000000
0.993545 0.013246 -0.112666 0.009053 -0.031032 0.987014 -0.157609 2.825615 0.109115 0.160088 0.981053 -0.106816 0.000000 0.000000 0.000000 1.000000
0.993581 0.013998 -0.112256 0.009676 -0.031641 0.987098 -0.156962 2.824704 0.108610 0.159507 0.981204 -0.105001 0.000000 0.000000 0.000000 1.000000
0.993592 0.014888 -0.112038 0.010068 -0.032393 0.987212 -0.156087 2.823867 0.108281 0.158716 0.981369 -0.103064 0.000000 0.000000 0.000000 1.000000
0.993608 0.016025 -0.111740 0.010003 -0.033389 0.987303 -0.155300 2.823007 0.107832 0.158038 0.981527 -0.101120 0.000000 0.000000 0.000000 1.000000
0.993622 0.017365 -0.111415 0.009658 -0.034568 0.987406 -0.154386 2.822340 0.107331 0.157252 0.981709 -0.099126 0.000000 0.000000 0.000000 1.000000
0.993608 0.018730 -0.111317 0.009109 -0.035779 0.987548 -0.153194 2.821755 0.107061 0.156197 0.981906 -0.097105 0.000000 0.000000 0.000000 1.000000
0.993565 0.020046 -0.111477 0.008332 -0.036990 0.987677 -0.152072 2.821186 0.107055 0.155217 0.982063 -0.095193 0.000000 0.000000 0.000000 1.000000
0.993518 0.021324 -0.111660 0.007281 -0.038226 0.987718 -0.151499 2.820588 0.107058 0.154785 0.982130 -0.093445 0.000000 0.000000 0.000000 1.000000
0.993474 0.022576 -0.111798 0.005983 -0.039465 0.987708 -0.151246 2.820001 0.107010 0.154671 0.982154 -0.091779 0.000000 0.000000 0.000000 1.000000
0.993397 0.023639 -0.112269 0.004668 -0.040509 0.987788 -0.150448 2.819501 0.107342 0.154002 0.982223 -0.090289 0.000000 0.000000 0.000000 1.000000
0.993244 0.024262 -0.113481 0.003576 -0.041137 0.988009 -0.148818 2.819160 0.108510 0.152481 0.982332 -0.089297 0.000000 0.000000 0.000000 1.000000
0.993013 0.024578 -0.115414 0.002642 -0.041521 0.988298 -0.146775 2.818840 0.110456 0.150541 0.982414 -0.088807 0.000000 0.000000 0.000000 1.000000
0.992810 0.024757 -0.117113 0.001699 -0.041729 0.988585 -0.144770 2.818514 0.112192 0.148616 0.982510 -0.088347 0.000000 0.000000 0.000000 1.000000
0.992708 0.025088 -0.117903 0.000511 -0.041969 0.988839 -0.142952 2.818235 0.113001 0.146858 0.982682 -0.087613 0.000000 0.000000 0.000000 1.000000
0.992635 0.026062 -0.118308 -0.001499 -0.042931 0.988884 -0.142359 2.818117 0.113282 0.146390 0.982719 -0.086909 0.000000 0.000000 0.000000 1.000000
0.992477 0.028250 -0.119124 -0.004687 -0.045492 0.988443 -0.144606 2.818346 0.113662 0.148937 0.982293 -0.086581 0.000000 0.000000 0.000000 1.000000
0.992329 0.030631 -0.119770 -0.008236 -0.048277 0.987908 -0.147333 2.818957 0.113808 0.151985 0.981809 -0.086373 0.000000 0.000000 0.000000 1.000000
0.992310 0.032113 -0.119538 -0.010769 -0.049794 0.987733 -0.148004 2.819697 0.113319 0.152818 0.981736 -0.085941 0.000000 0.000000 0.000000 1.000000
0.992329 0.032646 -0.119238 -0.012198 -0.050181 0.987839 -0.147161 2.820162 0.112984 0.152015 0.981899 -0.085548 0.000000 0.000000 0.000000 1.000000
0.992284 0.032489 -0.119657 -0.013426 -0.049984 0.987984 -0.146251 2.820279 0.113468 0.151103 0.981984 -0.085458 0.000000 0.000000 0.000000 1.000000
0.992142 0.031892 -0.120986 -0.014785 -0.049583 0.988016 -0.146168 2.820426 0.114875 0.151018 0.981834 -0.085580 0.000000 0.000000 0.000000 1.000000
0.992008 0.031135 -0.122273 -0.015891 -0.049063 0.987998 -0.146470 2.820640 0.116245 0.151298 0.981629 -0.085918 0.000000 0.000000 0.000000 1.000000
0.991940 0.030337 -0.123019 -0.016465 -0.048423 0.987980 -0.146804 2.820767 0.117087 0.151578 0.981486 -0.086496 0.000000 0.000000 0.000000 1.000000
0.991919 0.029432 -0.123410 -0.016691 -0.047613 0.987980 -0.147066 2.820859 0.117598 0.151754 0.981398 -0.087088 0.000000 0.000000 0.000000 1.000000
0.991921 0.028449 -0.123629 -0.016825 -0.046673 0.988018 -0.147116 2.821156 0.117963 0.151697 0.981363 -0.087491 0.000000 0.000000 0.000000 1.000000
0.991942 0.027446 -0.123688 -0.016940 -0.045654 0.988100 -0.146879 2.821702 0.118185 0.151343 0.981391 -0.087753 0.000000 0.000000 0.000000 1.000000
0.991989 0.026433 -0.123524 -0.016975 -0.044574 0.988207 -0.146490 2.822235 0.118195 0.150822 0.981470 -0.087968 0.000000 0.000000 0.000000 1.000000
0.992072 0.025514 -0.123052 -0.016851 -0.043528 0.988325 -0.146008 2.822399 0.117890 0.150207 0.981601 -0.088084 0.000000 0.000000 0.000000 1.000000
0.992222 0.024791 -0.121988 -0.016639 -0.042607 0.988413 -0.145689 2.822037 0.116963 0.149753 0.981781 -0.088049 0.000000 0.000000 0.000000 1.000000
0.992298 0.024354 -0.121454 -0.016377 -0.042076 0.988454 -0.145562 2.821420 0.116507 0.149551 0.981866 -0.087901 0.000000 0.000000 0.000000 1.000000
0.992309 0.023724 -0.121494 -0.016173 -0.041501 0.988420 -0.145958 2.820819 0.116625 0.149877 0.981802 -0.087664 0.000000 0.000000 0.000000 1.000000
0.992259 0.022752 -0.122084 -0.016044 -0.040678 0.988386 -0.146420 2.820347 0.117335 0.150253 0.981660 -0.087167 0.000000 0.000000 0.000000 1.000000
0.992187 0.021803 -0.122838 -0.015945 -0.039858 0.988408 -0.146498 2.820193 0.118220 0.150249 0.981554 -0.086263 0.000000 0.000000 0.000000 1.000000
0.992101 0.021199 -0.123640 -0.015946 -0.039353 0.988457 -0.146298 2.820258 0.119112 0.150008 0.981483 -0.085070 0.000000 0.000000 0.000000 1.000000
0.991991 0.020769 -0.124588 -0.016232 -0.039030 0.988518 -0.145977 2.820293 0.120125 0.149670 0.981412 -0.083694 0.000000 0.000000 0.000000 1.000000
0.991893 0.020301 -0.125443 -0.016714 -0.038640 0.988597 -0.145541 2.820122 0.121058 0.149208 0.981367 -0.082255 0.000000 0.000000 0.000000 1.000000
0.991835 0.019782 -0.125985 -0.017148 -0.038134 0.988701 -0.144972 2.819731 0.121693 0.148592 0.981382 -0.080850 0.000000 0.000000 0.000000 1.000000
0.991798 0.019298 -0.126347 -0.017421 -0.037625 0.988816 -0.144318 2.819489 0.122149 0.147888 0.981432 -0.079471 0.000000 0.000000 0.000000 1.000000
0.991783 0.018822 -0.126537 -0.017696 -0.037110 0.988916 -0.143766 2.819499 0.122428 0.147281 0.981489 -0.078178 0.000000 0.000000 0.000000 1.000000
0.991815 0.018224 -0.126374 -0.018101 -0.036410 0.989034 -0.143131 2.819490 0.122380 0.146561 0.981602 -0.076984 0.000000 0.000000 0.000000 1.000000
0.991854 0.017436 -0.126181 -0.018449 -0.035450 0.989237 -0.141960 2.819224 0.122348 0.145277 0.981797 -0.075623 0.000000 0.000000 0.000000 1.000000
0.991866 0.016508 -0.126214 -0.018560 -0.034253 0.989595 -0.139743 2.818838 0.122594 0.142929 0.982111 -0.073860 0.000000 0.000000 0.000000 1.000000
0.991807 0.015839 -0.126758 -0.018747 -0.033391 0.989929 -0.137569 2.818395 0.123302 0.140675 0.982348 -0.071954 0.000000 0.000000 0.000000 1.000000
0.991739 0.015578 -0.127320 -0.019330 -0.033139 0.990017 -0.137000 2.817987 0.123915 0.140088 0.982355 -0.070193 0.000000 0.000000 0.000000 1.000000
0.991702 0.015341 -0.127638 -0.020310 -0.032953 0.990018 -0.137038 2.817484 0.124262 0.140107 0.982308 -0.068473 0.000000 0.000000 0.000000 1.000000
0.991689 0.014883 -0.127795 -0.021478 -0.032492 0.990060 -0.136838 2.816848 0.124488 0.139853 0.982316 -0.066630 0.000000 0.000000 0.000000 1.000000
0.991665 0.014391 -0.128041 -0.022671 -0.031944 0.990178 -0.136116 2.816261 0.124824 0.139072 0.982384 -0.064628 0.000000 0.000000 0.000000 1.000000
0.991606 0.014131 -0.128525 -0.023971 -0.031618 0.990333 -0.135056 2.815915 0.125374 0.137986 0.982467 -0.062400 0.000000 0.000000 0.000000 1.000000
0.991527 0.013976 -0.129144 -0.025547 -0.031417 0.990480 -0.134025 2.815727 0.126042 0.136946 0.982527 -0.059995 0.000000 0.000000 0.000000 1.000000
0.991444 0.013689 -0.129814 -0.027332 -0.031137 0.990581 -0.133342 2.815465 0.126766 0.136243 0.982532 -0.057623 0.000000 0.000000 0.000000 1.000000
0.991341 0.013357 -0.130628 -0.029133 -0.030886 0.990621 -0.133103 2.815035 0.127625 0.135985 0.982456 -0.055361 0.000000 0.000000 0.000000 1.000000
0.991211 0.013124 -0.131638 -0.030920 -0.030783 0.990634 -0.133029 2.814426 0.128659 0.135912 0.982331 -0.053127 0.000000 0.000000 0.000000 1.000000
0.991071 0.012916 -0.132707 -0.032837 -0.030705 0.990655 -0.132887 2.813731 0.129750 0.135775 0.982207 -0.050806 0.000000 0.000000 0.000000 1.000000
0.990988 0.012419 -0.133372 -0.034996 -0.030345 0.990622 -0.133223 2.812916 0.130466 0.136069 0.982071 -0.048381 0.000000 0.000000 0.000000 1.000000
0.990911 0.011805 -0.134003 -0.037133 -0.029843 0.990612 -0.133409 2.811883 0.131170 0.136196 0.981960 -0.045866 0.000000 0.000000 0.000000 1.000000
0.990848 0.011321 -0.134508 -0.039087 -0.029409 0.990645 -0.133258 2.810994 0.131741 0.135994 0.981911 -0.043226 0.000000 0.000000 0.000000 1.000000
0.990744 0.011119 -0.135291 -0.040800 -0.029188 0.990778 -0.132317 2.810455 0.132572 0.135042 0.981931 -0.040461 0.000000 0.000000 0.000000 1.000000
0.990536 0.010677 -0.136835 -0.042207 -0.028732 0.991010 -0.130663 2.810040 0.134210 0.133358 0.981939 -0.037898 0.000000 0.000000 0.000000 1.000000
0.990469 0.009912 -0.137376 -0.043273 -0.028013 0.991057 -0.130462 2.809396 0.134854 0.133067 0.981890 -0.035891 0.000000 0.000000 0.000000 1.000000
0.990492 0.009202 -0.137262 -0.044019 -0.027363 0.991003 -0.131015 2.808359 0.134822 0.133526 0.981832 -0.034222 0.000000 0.000000 0.000000 1.000000
0.990576 0.009031 -0.136665 -0.044564 -0.027253 0.990867 -0.132057 2.807262 0.134224 0.134537 0.981776 -0.032384 0.000000 0.000000 0.000000 1.000000
0.990633 0.009160 -0.136246 -0.044833 -0.027445 0.990744 -0.132941 2.806404 0.133767 0.135435 0.981715 -0.030082 0.000000 0.000000 0.000000 1.000000
0.990595 0.008936 -0.136537 -0.044561 -0.027262 0.990748 -0.132950 2.806019 0.134086 0.135422 0.981673 -0.027584 0.000000 0.000000 0.000000 1.000000
0.990551 0.008156 -0.136902 -0.043691 -0.026549 0.990750 -0.133075 2.806004 0.134550 0.135452 0.981605 -0.025837 0.000000 0.000000 0.000000 1.000000
0.990719 0.007244 -0.135731 -0.042488 -0.025819 0.990428 -0.135592 2.806013 0.133450 0.137838 0.981423 -0.025568 0.000000 0.000000 0.000000 1.000000
0.990978 0.006643 -0.133860 -0.041126 -0.025529 0.989840 -0.139873 2.805630 0.131571 0.142029 0.981079 -0.026008 0.000000 0.000000 0.000000 1.000000
0.991113 0.005912 -0.132888 -0.039666 -0.025150 0.989321 -0.143566 2.805017 0.130620 0.145632 0.980678 -0.025728 0.000000 0.000000 0.000000 1.000000
0.991082 0.004696 -0.133168 -0.037995 -0.024299 0.988991 -0.145965 2.804547 0.131017 0.147899 0.980286 -0.024309 0.000000 0.000000 0.000000 1.000000
0.991115 0.003914 -0.132950 -0.036300 -0.023582 0.988902 -0.146683 2.804449 0.130901 0.148515 0.980208 -0.022070 0.000000 0.000000 0.000000 1.000000
0.991331 0.004130 -0.131322 -0.034918 -0.023448 0.989021 -0.145904 2.804857 0.129278 0.147719 0.980544 -0.019408 0.000000 0.000000 0.000000 1.000000
0.991574 0.004844 -0.129453 -0.033703 -0.023760 0.989149 -0.144980 2.805309 0.127346 0.146834 0.980930 -0.017125 0.000000 0.000000 0.000000 1.000000
0.991679 0.005171 -0.128633 -0.032372 -0.024018 0.989082 -0.145397 2.805240 0.126477 0.147277 0.980976 -0.016065 0.000000 0.000000 0.000000 1.000000
0.991663 0.005012 -0.128763 -0.030887 -0.024162 0.988753 -0.147596 2.804557 0.126575 0.149477 0.980630 -0.016036 0.000000 0.000000 0.000000 1.000000
0.991491 0.004341 -0.130104 -0.029133 -0.024027 0.988374 -0.150131 2.803547 0.127940 0.151980 0.980068 -0.015701 0.000000 0.000000 0.000000 1.000000
0.991101 0.003133 -0.133076 -0.027408 -0.023432 0.988218 -0.151247 2.802723 0.131035 0.153019 0.979497 -0.014422 0.000000 0.000000 0.000000 1.000000
0.990541 0.001930 -0.137206 -0.026369 -0.022923 0.988179 -0.151583 2.802178 0.135292 0.153295 0.978875 -0.013237 0.000000 0.000000 0.000000 1.000000
0.989953 0.000619 -0.141394 -0.025834 -0.022270 0.988192 -0.151594 2.802217 0.139630 0.153220 0.978278 -0.011453 0.000000 0.000000 0.000000 1.000000
0.989349 -0.000681 -0.145564 -0.025654 -0.021610 0.988221 -0.151500 2.802349 0.143952 0.153032 0.977680 -0.009974 0.000000 0.000000 0.000000 1.000000
0.988750 -0.002068 -0.149561 -0.024941 -0.020778 0.988311 -0.151026 2.802028 0.148125 0.152435 0.977150 -0.009346 0.000000 0.000000 0.000000 1.000000
0.988390 -0.003168 -0.151903 -0.024306 -0.020049 0.988321 -0.151062 2.801962 0.150608 0.152354 0.976783 -0.009013 0.000000 0.000000 0.000000 1.000000
0.988074 -0.004174 -0.153922 -0.023957 -0.019450 0.988242 -0.151654 2.802307 0.152746 0.152839 0.976375 -0.009025 0.000000 0.000000 0.000000 1.000000
0.987785 -0.004925 -0.155746 -0.023623 -0.019163 0.988074 -0.152783 2.802686 0.154641 0.153901 0.975910 -0.009373 0.000000 0.000000 0.000000 1.000000
0.987445 -0.005524 -0.157868 -0.023233 -0.019044 0.987937 -0.153683 2.802919 0.156812 0.154760 0.975428 -0.009880 0.000000 0.000000 0.000000 1.000000
0.987289 -0.005408 -0.158844 -0.022796 -0.019435 0.987812 -0.154432 2.803141 0.157743 0.155556 0.975151 -0.010567 0.000000 0.000000 0.000000 1.000000
0.987308 -0.005009 -0.158739 -0.022360 -0.020140 0.987485 -0.156422 2.803032 0.157536 0.157634 0.974851 -0.012104 0.000000 0.000000 0.000000 1.000000
0.987414 -0.005431 -0.158062 -0.021890 -0.019958 0.987142 -0.158592 2.802485 0.156891 0.159751 0.974610 -0.014027 0.000000 0.000000 0.000000 1.000000
0.987520 -0.006891 -0.157343 -0.021510 -0.018621 0.986926 -0.160096 2.802081 0.156389 0.161028 0.974481 -0.015292 0.000000 0.000000 0.000000 1.000000
0.987591 -0.007503 -0.156871 -0.021188 -0.017889 0.986983 -0.159826 2.802042 0.156028 0.160649 0.974601 -0.016492 0.000000 0.000000 0.000000 1.000000
0.987654 -0.007817 -0.156454 -0.020605 -0.017513 0.986983 -0.159867 2.802257 0.155667 0.160633 0.974661 -0.018089 0.000000 0.000000 0.000000 1.000000
0.987803 -0.007986 -0.155501 -0.019753 -0.017103 0.987076 -0.159337 2.803057 0.154764 0.160053 0.974901 -0.019532 0.000000 0.000000 0.000000 1.000000
0.988227 -0.007207 -0.152822 -0.018698 -0.017007 0.987524 -0.156549 2.804963 0.152044 0.157305 0.975775 -0.020405 0.000000 0.000000 0.000000 1.000000
0.988405 -0.006979 -0.151683 -0.017652 -0.016855 0.987726 -0.155281 2.806310 0.150905 0.156038 0.976156 -0.022137 0.000000 0.000000 0.000000 1.000000
0.988473 -0.007637 -0.151208 -0.016940 -0.016129 0.987732 -0.155324 2.806761 0.150539 0.155972 0.976223 -0.024762 0.000000 0.000000 0.000000 1.000000
0.988546 -0.008740 -0.150665 -0.016415 -0.015073 0.987612 -0.156187 2.807652 0.150163 0.156669 0.976169 -0.027357 0.000000 0.000000 0.000000 1.000000
0.988672 -0.010106 -0.149751 -0.015853 -0.013625 0.987568 -0.156599 2.808910 0.149472 0.156865 0.976243 -0.029871 0.000000 0.000000 0.000000 1.000000
0.988778 -0.010819 -0.149001 -0.015021 -0.012826 0.987544 -0.156820 2.810420 0.148842 0.156971 0.976323 -0.032421 0.000000 0.000000 0.000000 1.000000
0.988901 -0.011409 -0.148136 -0.014005 -0.012156 0.987491 -0.157208 2.812196 0.148077 0.157264 0.976392 -0.035097 0.000000 0.000000 0.000000 1.000000
0.989057 -0.011926 -0.147053 -0.012930 -0.011551 0.987408 -0.157771 2.813931 0.147083 0.157743 0.976465 -0.037893 0.000000 0.000000 0.000000 1.000000
0.989325 -0.012270 -0.145210 -0.011900 -0.011060 0.987254 -0.158771 2.814881 0.145307 0.158682 0.976579 -0.040834 0.000000 0.000000 0.000000 1.000000
0.989564 -0.012033 -0.143591 -0.010653 -0.011129 0.987148 -0.159423 2.814140 0.143664 0.159357 0.976712 -0.043963 0.000000 0.000000 0.000000 1.000000
0.989834 -0.011413 -0.141770 -0.009214 -0.011499 0.987091 -0.159748 2.812872 0.141764 0.159754 0.976925 -0.047096 0.000000 0.000000 0.000000 1.000000
0.990124 -0.010748 -0.139785 -0.007884 -0.011907 0.987008 -0.160229 2.812904 0.139691 0.160311 0.977132 -0.050054 0.000000 0.000000 0.000000 1.000000
0.990458 -0.010022 -0.137451 -0.006807 -0.012367 0.986866 -0.161070 2.814166 0.137260 0.161233 0.977325 -0.052904 0.000000 0.000000 0.000000 1.000000
0.990621 -0.009994 -0.136271 -0.006011 -0.012242 0.986818 -0.161372 2.815765 0.136087 0.161526 0.977440 -0.055638 0.000000 0.000000 0.000000 1.000000
0.990761 -0.009815 -0.135264 -0.005281 -0.012296 0.986769 -0.161668 2.817254 0.135061 0.161838 0.977531 -0.058362 0.000000 0.000000 0.000000 1.000000
0.990911 -0.009266 -0.134197 -0.004542 -0.012706 0.986716 -0.161958 2.818514 0.133915 0.162191 0.977630 -0.061219 0.000000 0.000000 0.000000 1.000000
0.991113 -0.008556 -0.132747 -0.003829 -0.013140 0.986751 -0.161707 2.819356 0.132371 0.162014 0.977870 -0.064218 0.000000 0.000000 0.000000 1.000000
0.991222 -0.008040 -0.131965 -0.003245 -0.013500 0.986778 -0.161516 2.819998 0.131519 0.161880 0.978007 -0.067171 0.000000 0.000000 0.000000 1.000000
0.991316 -0.007426 -0.131288 -0.002798 -0.013987 0.986785 -0.161428 2.820097 0.130752 0.161863 0.978113 -0.070100 0.000000 0.000000 0.000000 1.000000
0.991439 -0.006655 -0.130405 -0.002352 -0.014515 0.986892 -0.160725 2.819639 0.129765 0.161242 0.978347 -0.073128 0.000000 0.000000 0.000000 1.000000
0.991662 -0.005292 -0.128759 -0.001657 -0.015566 0.986922 -0.160445 2.820012 0.127924 0.161112 0.978610 -0.076374 0.000000 0.000000 0.000000 1.000000
0.991842 -0.004414 -0.127398 -0.000810 -0.016208 0.986922 -0.160379 2.820760 0.126440 0.161135 0.978799 -0.079872 0.000000 0.000000 0.000000 1.000000
0.992033 -0.003968 -0.125912 -0.000056 -0.016414 0.986912 -0.160425 2.821004 0.124900 0.161214 0.978984 -0.083499 0.000000 0.000000 0.000000 1.000000
0.992255 -0.003516 -0.124169 0.000650 -0.016563 0.986929 -0.160303 2.821679 0.123110 0.161118 0.979227 -0.087278 0.000000 0.000000 0.000000 1.000000
0.992591 -0.002902 -0.121467 0.001115 -0.016624 0.987070 -0.159424 2.823517 0.120359 0.160262 0.979709 -0.091087 0.000000 0.000000 0.000000 1.000000
0.992815 -0.001862 -0.119645 0.001947 -0.017362 0.987056 -0.159434 2.825931 0.118393 0.160366 0.979931 -0.094803 0.000000 0.000000 0.000000 1.000000
0.992993 -0.000423 -0.118172 0.002971 -0.018548 0.987040 -0.159396 2.826492 0.116708 0.160471 0.980116 -0.098548 0.000000 0.000000 0.000000 1.000000
0.993120 0.000432 -0.117096 0.003494 -0.019165 0.987108 -0.158901 2.825515 0.115518 0.160052 0.980326 -0.101708 0.000000 0.000000 0.000000 1.000000
0.993279 0.001683 -0.115732 0.003823 -0.020200 0.987070 -0.159013 2.825321 0.113968 0.160282 0.980470 -0.104071 0.000000 0.000000 0.000000 1.000000
0.993314 0.002986 -0.115402 0.004688 -0.021372 0.987141 -0.158416 2.825643 0.113445 0.159823 0.980605 -0.106159 0.000000 0.000000 0.000000 1.000000
0.993373 0.004518 -0.114844 0.005406 -0.022655 0.987319 -0.157122 2.826424 0.112678 0.158682 0.980879 -0.107673 0.000000 0.000000 0.000000 1.000000
0.993433 0.005715 -0.114276 0.005014 -0.023637 0.987459 -0.156099 2.827167 0.111951 0.157775 0.981109 -0.108063 0.000000 0.000000 0.000000 1.000000
0.993428 0.007022 -0.114241 0.004715 -0.024922 0.987438 -0.156031 2.826747 0.111710 0.157853 0.981123 -0.108156 0.000000 0.000000 0.000000 1.000000
0.993418 0.008531 -0.114232 0.005411 -0.026421 0.987400 -0.156025 2.826344 0.111461 0.158016 0.981126 -0.108654 0.000000 0.000000 0.000000 1.000000
0.993355 0.010053 -0.114654 0.006254 -0.027964 0.987408 -0.155701 2.826754 0.111645 0.157872 0.981128 -0.108800 0.000000 0.000000 0.000000 1.000000
0.993403 0.010894 -0.114161 0.007472 -0.028844 0.987211 -0.156788 2.826769 0.110993 0.159047 0.981012 -0.109397 0.000000 0.000000 0.000000 1.000000</float_array><technique_common><accessor source="#mixamorig_Hips-Matrix-animation-output-transform-array" count="128" stride="16"><param type="float4x4"/></accessor></technique_common></source><source id="mixamorig_Hips-Interpolations"><Name_array id="mixamorig_Hips-Interpolations-array" count="128">
 LINEAR LINEAR LINEAR LINEAR LINEAR LINEAR LINEAR LINEAR LINEAR LINEAR LINEAR
LINEAR LINEAR LINEAR LINEAR LINEAR LINEAR LINEAR LINEAR LINEAR LINEAR LINEAR LINEAR
LINEAR LINEAR LINEAR LINEAR LINEAR LINEAR LINEAR LINEAR LINEAR LINEAR LINEAR LINEAR
LINEAR LINEAR LINEAR LINEAR LINEAR LINEAR LINEAR LINEAR LINEAR LINEAR LINEAR LINEAR
LINEAR LINEAR LINEAR LINEAR LINEAR LINEAR LINEAR LINEAR LINEAR LINEAR LINEAR LINEAR
LINEAR LINEAR LINEAR LINEAR LINEAR LINEAR LINEAR LINEAR LINEAR LINEAR LINEAR LINEAR
LINEAR LINEAR LINEAR LINEAR LINEAR LINEAR LINEAR LINEAR LINEAR LINEAR LINEAR LINEAR
LINEAR LINEAR LINEAR LINEAR LINEAR LINEAR LINEAR LINEAR LINEAR LINEAR LINEAR LINEAR
LINEAR LINEAR LINEAR LINEAR LINEAR LINEAR LINEAR LINEAR LINEAR LINEAR LINEAR LINEAR
LINEAR LINEAR LINEAR LINEAR LINEAR LINEAR LINEAR LINEAR LINEAR LINEAR LINEAR LINEAR
LINEAR LINEAR LINEAR LINEAR LINEAR LINEAR LINEAR LINEAR LINEAR</Name_array><technique_common><accessor source="#mixamorig_Hips-Interpolations-array" count="128"><param type="name"/></accessor></technique_common></source><sampler id="mixamorig_Hips-Matrix-animation-transform"><input semantic="INPUT" source="#mixamorig_Hips-Matrix-animation-input"/><input semantic="OUTPUT" source="#mixamorig_Hips-Matrix-animation-output-transform"/><input semantic="INTERPOLATION" source="#mixamorig_Hips-Interpolations"/></sampler><channel source="#mixamorig_Hips-Matrix-animation-transform" target="mixamorig_Hips/matrix"/></animation>
    <animation id="mixamorig_Spine-anim" name="mixamorig_Spine"><source id="mixamorig_Spine-Matrix-animation-input"><float_array id="mixamorig_Spine-Matrix-animation-input-array" count="128">

0.000000 0.033333 0.066667 0.100000 0.133333 0.166667 0.200000 0.233333 0.266667 0.300000 0.333333 0.366667 0.400000 0.433333 0.466667 0.500000
0.533333 0.566667 0.600000 0.633333 0.666667 0.700000 0.733333 0.766667 0.800000 0.833333 0.866667 0.900000 0.933333 0.966667 1.000000 1.033333
1.066667 1.100000 1.133333 1.166667 1.200000 1.233333 1.266667 1.300000 1.333333 1.366667 1.400000 1.433333 1.466667 1.500000 1.533333 1.566667
1.600000 1.633333 1.666667 1.700000 1.733333 1.766667 1.800000 1.833333 1.866667 1.900000 1.933333 1.966667 2.000000 2.033333 2.066667 2.100000
2.133333 2.166667 2.200000 2.233333 2.266667 2.300000 2.333333 2.366667 2.400000 2.433333 2.466667 2.500000 2.533333 2.566667 2.600000 2.633333
2.666667 2.700000 2.733333 2.766667 2.800000 2.833333 2.866667 2.900000 2.933333 2.966667 3.000000 3.033333 3.066667 3.100000 3.133333 3.166667
3.200000 3.233333 3.266667 3.300000 3.333333 3.366667 3.400000 3.433333 3.466667 3.500000 3.533333 3.566667 3.600000 3.633333 3.666667 3.700000
3.733333 3.766667 3.800000 3.833333 3.866667 3.900000 3.933333 3.966667 4.000000 4.033333 4.066667 4.100000 4.133333 4.166667 4.200000 4.233333</float_array><technique_common><accessor source="#mixamorig_Spine-Matrix-animation-input-array" count="128"><param name="TIME" type="float"/></accessor></technique_common></source><source id="mixamorig_Spine-Matrix-animation-output-transform"><float_array id="mixamorig_Spine-Matrix-animation-output-transform-array" count="2048">

0.999659 -0.009486 -0.024317 0.000000 0.009749 0.999895 0.010741 0.317900 0.024213 -0.010975 0.999647 -0.000500 0.000000 0.000000 0.000000 1.000000
0.999678 -0.007956 -0.024091 0.000000 0.008228 0.999903 0.011214 0.317900 0.023999 -0.011409 0.999647 -0.000500 0.000000 0.000000 0.000000 1.000000
0.999702 -0.006108 -0.023620 0.000000 0.006383 0.999912 0.011611 0.317900 0.023547 -0.011758 0.999654 -0.000500 0.000000 0.000000 0.000000 1.000000
0.999722 -0.004608 -0.023137 0.000000 0.004882 0.999918 0.011799 0.317900 0.023081 -0.011908 0.999663 -0.000500 0.000000 0.000000 0.000000 1.000000
0.999738 -0.003169 -0.022666 0.000000 0.003444 0.999921 0.012096 0.317900 0.022626 -0.012171 0.999670 -0.000500 0.000000 0.000000 0.000000 1.000000
0.999753 -0.001559 -0.022160 0.000000 0.001840 0.999918 0.012635 0.317900 0.022138 -0.012672 0.999675 -0.000500 0.000000 0.000000 0.000000 1.000000
0.999768 0.000214 -0.021540 0.000000 0.000071 0.999912 0.013234 0.317900 0.021541 -0.013233 0.999680 -0.000500 0.000000 0.000000 0.000000 1.000000
0.999780 0.002018 -0.020881 0.000000 -0.001733 0.999905 0.013681 0.317900 0.020907 -0.013642 0.999688 -0.000500 0.000000 0.000000 0.000000 1.000000
0.999787 0.003630 -0.020314 0.000000 -0.003344 0.999896 0.014056 0.317900 0.020363 -0.013985 0.999695 -0.000500 0.000000 0.000000 0.000000 1.000000
0.999791 0.004911 -0.019834 0.000000 -0.004620 0.999881 0.014688 0.317900 0.019904 -0.014593 0.999695 -0.000500 0.000000 0.000000 0.000000 1.000000
0.999797 0.005909 -0.019262 -0.000000 -0.005609 0.999863 0.015593 0.317900 0.019352 -0.015482 0.999693 -0.000500 0.000000 0.000000 0.000000 1.000000
0.999808 0.006860 -0.018337 0.000000 -0.006563 0.999847 0.016227 0.317900 0.018445 -0.016103 0.999700 -0.000500 0.000000 0.000000 0.000000 1.000000
0.999825 0.007871 -0.016989 -0.000000 -0.007596 0.999840 0.016194 0.317900 0.017114 -0.016062 0.999725 -0.000500 0.000000 0.000000 0.000000 1.000000
0.999841 0.008760 -0.015558 0.000000 -0.008515 0.999840 0.015763 0.317900 0.015694 -0.015628 0.999755 -0.000500 0.000000 0.000000 0.000000 1.000000
0.999850 0.009298 -0.014618 0.000000 -0.009074 0.999842 0.015313 0.317900 0.014758 -0.015178 0.999776 -0.000500 0.000000 0.000000 0.000000 1.000000
0.999854 0.009453 -0.014269 0.000000 -0.009239 0.999844 0.015030 0.317900 0.014409 -0.014896 0.999785 -0.000500 0.000000 0.000000 0.000000 1.000000
0.999859 0.009341 -0.013930 0.000000 -0.009126 0.999839 0.015438 0.317900 0.014072 -0.015308 0.999784 -0.000500 0.000000 0.000000 0.000000 1.000000
0.999873 0.008885 -0.013225 0.000000 -0.008656 0.999813 0.017293 0.317900 0.013376 -0.017177 0.999763 -0.000500 0.000000 0.000000 0.000000 1.000000
0.999887 0.008470 -0.012420 0.000000 -0.008228 0.999779 0.019355 0.317900 0.012581 -0.019251 0.999736 -0.000500 0.000000 0.000000 0.000000 1.000000
0.999894 0.008301 -0.011967 -0.000000 -0.008058 0.999764 0.020172 0.317900 0.012131 -0.020073 0.999725 -0.000500 0.000000 0.000000 0.000000 1.000000
0.999898 0.008096 -0.011763 -0.000000 -0.007859 0.999768 0.020042 0.317900 0.011923 -0.019948 0.999730 -0.000500 0.000000 0.000000 0.000000 1.000000
0.999905 0.007669 -0.011459 0.000000 -0.007441 0.999776 0.019829 0.317900 0.011608 -0.019742 0.999738 -0.000500 0.000000 0.000000 0.000000 1.000000
0.999915 0.007069 -0.010992 0.000000 -0.006849 0.999779 0.019867 0.317900 0.011130 -0.019790 0.999742 -0.000500 0.000000 0.000000 0.000000 1.000000
0.999926 0.006438 -0.010366 0.000000 -0.006231 0.999784 0.019841 0.317900 0.010491 -0.019775 0.999749 -0.000500 0.000000 0.000000 0.000000 1.000000
0.999939 0.005508 -0.009538 0.000000 -0.005320 0.999794 0.019602 0.317900 0.009644 -0.019550 0.999762 -0.000500 0.000000 0.000000 0.000000 1.000000
0.999954 0.004174 -0.008590 0.000000 -0.004008 0.999806 0.019274 0.317900 0.008669 -0.019239 0.999777 -0.000500 0.000000 0.000000 0.000000 1.000000
0.999966 0.003141 -0.007663 0.000000 -0.002996 0.999817 0.018904 0.317900 0.007721 -0.018881 0.999792 -0.000500 0.000000 0.000000 0.000000 1.000000
0.999972 0.002995 -0.006851 0.000000 -0.002869 0.999826 0.018407 0.317900 0.006905 -0.018386 0.999807 -0.000500 0.000000 0.000000 0.000000 1.000000
0.999975 0.003295 -0.006223 -0.000000 -0.003183 0.999837 0.017771 0.317900 0.006280 -0.017751 0.999823 -0.000500 0.000000 0.000000 0.000000 1.000000
0.999978 0.003257 -0.005771 0.000000 -0.003158 0.999849 0.017113 0.317900 0.005826 -0.017094 0.999837 -0.000500 0.000000 0.000000 0.000000 1.000000
0.999983 0.002719 -0.005106 0.000000 -0.002633 0.999857 0.016708 0.317900 0.005151 -0.016694 0.999847 -0.000500 0.000000 0.000000 0.000000 1.000000
0.999988 0.002091 -0.004369 0.000000 -0.002017 0.999859 0.016684 0.317900 0.004403 -0.016675 0.999851 -0.000500 0.000000 0.000000 0.000000 1.000000
0.999993 0.001578 -0.003288 -0.000000 -0.001521 0.999853 0.017074 0.317900 0.003314 -0.017068 0.999849 -0.000500 0.000000 0.000000 0.000000 1.000000
0.999997 0.001137 -0.002136 0.000000 -0.001099 0.999844 0.017656 0.317900 0.002155 -0.017653 0.999842 -0.000500 0.000000 0.000000 0.000000 1.000000
0.999999 0.000665 -0.001329 0.000000 -0.000641 0.999835 0.018139 0.317900 0.001341 -0.018138 0.999835 -0.000500 0.000000 0.000000 0.000000 1.000000
1.000000 0.000182 -0.000925 0.000000 -0.000165 0.999829 0.018517 0.317900 0.000928 -0.018517 0.999828 -0.000500 0.000000 0.000000 0.000000 1.000000
1.000000 -0.000201 -0.000608 0.000000 0.000212 0.999821 0.018922 0.317900 0.000604 -0.018922 0.999821 -0.000500 0.000000 0.000000 0.000000 1.000000
1.000000 -0.000591 -0.000165 0.000000 0.000595 0.999813 0.019336 0.317900 0.000154 -0.019336 0.999813 -0.000500 0.000000 0.000000 0.000000 1.000000
0.999999 -0.001194 0.000250 0.000000 0.001189 0.999807 0.019597 0.317900 -0.000274 -0.019597 0.999808 -0.000500 0.000000 0.000000 0.000000 1.000000
0.999998 -0.002076 0.000328 0.000000 0.002069 0.999805 0.019618 0.317900 -0.000369 -0.019618 0.999807 -0.000500 0.000000 0.000000 0.000000 1.000000
0.999995 -0.003030 -0.000050 0.000000 0.003031 0.999806 0.019469 0.317900 -0.000009 -0.019469 0.999810 -0.000500 0.000000 0.000000 0.000000 1.000000
0.999993 -0.003803 -0.000667 0.000000 0.003815 0.999810 0.019091 0.317900 0.000594 -0.019093 0.999818 -0.000500 0.000000 0.000000 0.000000 1.000000
0.999990 -0.004324 -0.001121 0.000000 0.004344 0.999825 0.018200 0.317900 0.001042 -0.018205 0.999834 -0.000500 0.000000 0.000000 0.000000 1.000000
0.999988 -0.004803 -0.001207 0.000000 0.004822 0.999845 0.016905 0.317900 0.001126 -0.016911 0.999856 -0.000500 0.000000 0.000000 0.000000 1.000000
0.999984 -0.005478 -0.001159 0.000000 0.005496 0.999858 0.015936 0.317900 0.001072 -0.015943 0.999872 -0.000500 0.000000 0.000000 0.000000 1.000000
0.999979 -0.006300 -0.001270 0.000000 0.006319 0.999857 0.015693 0.317900 0.001171 -0.015701 0.999876 -0.000500 0.000000 0.000000 0.000000 1.000000
0.999974 -0.006985 -0.001636 0.000000 0.007010 0.999851 0.015804 0.317900 0.001525 -0.015815 0.999874 -0.000500 0.000000 0.000000 0.000000 1.000000
0.999969 -0.007583 -0.002341 -0.000000 0.007619 0.999846 0.015786 0.317900 0.002221 -0.015804 0.999873 -0.000500 0.000000 0.000000 0.000000 1.000000
0.999960 -0.008342 -0.003365 0.000000 0.008394 0.999844 0.015521 0.317900 0.003235 -0.015549 0.999874 -0.000500 0.000000 0.000000 0.000000 1.000000
0.999947 -0.009266 -0.004468 0.000000 0.009333 0.999842 0.015140 0.317900 0.004327 -0.015181 0.999875 -0.000500 0.000000 0.000000 0.000000 1.000000
0.999933 -0.010237 -0.005462 0.000000 0.010317 0.999837 0.014790 0.317900 0.005310 -0.014845 0.999876 -0.000500 0.000000 0.000000 0.000000 1.000000
0.999917 -0.011232 -0.006351 0.000000 0.011324 0.999829 0.014586 0.317900 0.006186 -0.014657 0.999873 -0.000500 0.000000 0.000000 0.000000 1.000000
0.999900 -0.012213 -0.007178 0.000000 0.012317 0.999817 0.014604 0.317900 0.006998 -0.014691 0.999868 -0.000500 0.000000 0.000000 0.000000 1.000000
0.999881 -0.013225 -0.008003 0.000000 0.013341 0.999803 0.014707 0.317900 0.007807 -0.014812 0.999860 -0.000500 0.000000 0.000000 0.000000 1.000000
0.999858 -0.014324 -0.008846 0.000000 0.014453 0.999787 0.014736 0.317900 0.008633 -0.014862 0.999852 -0.000500 0.000000 0.000000 0.000000 1.000000
0.999841 -0.015032 -0.009598 0.000000 0.015174 0.999774 0.014922 0.317900 0.009371 -0.015065 0.999843 -0.000500 0.000000 0.000000 0.000000 1.000000
0.999824 -0.015670 -0.010356 0.000000 0.015825 0.999762 0.015039 0.317900 0.010118 -0.015201 0.999833 -0.000500 0.000000 0.000000 0.000000 1.000000
0.999808 -0.016191 -0.011078 0.000000 0.016356 0.999754 0.014968 0.317900 0.010833 -0.015147 0.999827 -0.000500 0.000000 0.000000 0.000000 1.000000
0.999790 -0.016822 -0.011667 0.000000 0.016991 0.999750 0.014544 0.317900 0.011419 -0.014739 0.999826 -0.000500 0.000000 0.000000 0.000000 1.000000
0.999761 -0.017999 -0.012384 0.000000 0.018169 0.999740 0.013778 0.317900 0.012133 -0.013999 0.999828 -0.000500 0.000000 0.000000 0.000000 1.000000
0.999726 -0.019218 -0.013361 0.000000 0.019401 0.999718 0.013668 0.317900 0.013094 -0.013923 0.999817 -0.000500 0.000000 0.000000 0.000000 1.000000
0.999691 -0.020278 -0.014346 -0.000000 0.020475 0.999696 0.013705 0.317900 0.014064 -0.013995 0.999803 -0.000500 0.000000 0.000000 0.000000 1.000000
0.999665 -0.021044 -0.015083 -0.000000 0.021253 0.999679 0.013812 0.317900 0.014788 -0.014128 0.999791 -0.000500 0.000000 0.000000 0.000000 1.000000
0.999644 -0.021655 -0.015579 0.000000 0.021871 0.999665 0.013840 0.317900 0.015274 -0.014176 0.999783 -0.000500 0.000000 0.000000 0.000000 1.000000
0.999633 -0.022005 -0.015816 0.000000 0.022220 0.999662 0.013509 0.317900 0.015513 -0.013855 0.999784 -0.000500 0.000000 0.000000 0.000000 1.000000
0.999631 -0.021944 -0.015998 0.000000 0.022156 0.999667 0.013202 0.317900 0.015703 -0.013552 0.999785 -0.000500 0.000000 0.000000 0.000000 1.000000
0.999624 -0.021752 -0.016672 -0.000000 0.021981 0.999664 0.013723 0.317900 0.016368 -0.014085 0.999767 -0.000500 0.000000 0.000000 0.000000 1.000000
0.999602 -0.021859 -0.017859 -0.000000 0.022129 0.999642 0.015053 0.317900 0.017524 -0.015442 0.999727 -0.000500 0.000000 0.000000 0.000000 1.000000
0.999579 -0.022002 -0.018906 0.000000 0.022313 0.999616 0.016417 0.317900 0.018538 -0.016832 0.999686 -0.000500 0.000000 0.000000 0.000000 1.000000
0.999569 -0.021787 -0.019661 0.000000 0.022127 0.999606 0.017244 0.317900 0.019277 -0.017671 0.999658 -0.000500 0.000000 0.000000 0.000000 1.000000
0.999555 -0.021520 -0.020648 0.000000 0.021879 0.999611 0.017312 0.317900 0.020267 -0.017756 0.999637 -0.000500 0.000000 0.000000 0.000000 1.000000
0.999523 -0.021585 -0.022067 0.000000 0.021957 0.999619 0.016755 0.317900 0.021697 -0.017232 0.999616 -0.000500 0.000000 0.000000 0.000000 1.000000
0.999490 -0.021792 -0.023342 0.000000 0.022174 0.999623 0.016195 0.317900 0.022981 -0.016705 0.999596 -0.000500 0.000000 0.000000 0.000000 1.000000
0.999473 -0.021840 -0.024011 0.000000 0.022233 0.999621 0.016213 0.317900 0.023648 -0.016738 0.999580 -0.000500 0.000000 0.000000 0.000000 1.000000
0.999463 -0.021924 -0.024337 -0.000000 0.022336 0.999610 0.016772 0.317900 0.023960 -0.017306 0.999563 -0.000500 0.000000 0.000000 0.000000 1.000000
0.999449 -0.022327 -0.024565 0.000000 0.022754 0.999592 0.017244 0.317900 0.024170 -0.017794 0.999549 -0.000500 0.000000 0.000000 0.000000 1.000000
0.999443 -0.022757 -0.024424 0.000000 0.023174 0.999588 0.016920 0.317900 0.024029 -0.017477 0.999558 -0.000500 0.000000 0.000000 0.000000 1.000000
0.999419 -0.023354 -0.024837 -0.000000 0.023782 0.999571 0.017070 0.317900 0.024428 -0.017651 0.999546 -0.000500 0.000000 0.000000 0.000000 1.000000
0.999430 -0.022907 -0.024809 0.000000 0.023320 0.999592 0.016496 0.317900 0.024421 -0.017065 0.999556 -0.000500 0.000000 0.000000 0.000000 1.000000
0.999370 -0.023442 -0.026656 0.000000 0.023911 0.999562 0.017416 0.317900 0.026236 -0.018043 0.999493 -0.000500 0.000000 0.000000 0.000000 1.000000
0.999309 -0.024526 -0.027925 -0.000000 0.025001 0.999547 0.016763 0.317900 0.027502 -0.017450 0.999469 -0.000500 0.000000 0.000000 0.000000 1.000000
0.999297 -0.024890 -0.028021 0.000000 0.025330 0.999559 0.015478 0.317900 0.027623 -0.016177 0.999488 -0.000500 0.000000 0.000000 0.000000 1.000000
0.999274 -0.025524 -0.028274 -0.000000 0.025938 0.999560 0.014366 0.317900 0.027895 -0.015089 0.999497 -0.000500 0.000000 0.000000 0.000000 1.000000
0.999222 -0.026705 -0.029017 -0.000000 0.027115 0.999537 0.013832 0.317900 0.028634 -0.014608 0.999483 -0.000500 0.000000 0.000000 0.000000 1.000000
0.999116 -0.029019 -0.030409 0.000000 0.029459 0.999466 0.014116 0.317900 0.029983 -0.014999 0.999438 -0.000500 0.000000 0.000000 0.000000 1.000000
0.999067 -0.030492 -0.030598 -0.000000 0.030927 0.999426 0.013831 0.317900 0.030159 -0.014764 0.999436 -0.000500 0.000000 0.000000 0.000000 1.000000
0.999019 -0.031724 -0.030890 -0.000000 0.032154 0.999391 0.013525 0.317900 0.030442 -0.014505 0.999431 -0.000500 0.000000 0.000000 0.000000 1.000000
0.998972 -0.032676 -0.031406 0.000000 0.033111 0.999361 0.013432 0.317900 0.030947 -0.014458 0.999416 -0.000500 0.000000 0.000000 0.000000 1.000000
0.998985 -0.032330 -0.031380 0.000000 0.032753 0.999378 0.013046 0.317900 0.030938 -0.014061 0.999422 -0.000500 0.000000 0.000000 0.000000 1.000000
0.998978 -0.032268 -0.031644 0.000000 0.032673 0.999390 0.012360 0.317900 0.031226 -0.013382 0.999423 -0.000500 0.000000 0.000000 0.000000 1.000000
0.998957 -0.032604 -0.031966 -0.000000 0.032996 0.999386 0.011815 0.317900 0.031561 -0.012858 0.999419 -0.000500 0.000000 0.000000 0.000000 1.000000
0.998925 -0.033227 -0.032317 0.000000 0.033590 0.999378 0.010747 0.317900 0.031940 -0.011821 0.999420 -0.000500 0.000000 0.000000 0.000000 1.000000
0.998828 -0.034813 -0.033613 -0.000000 0.035109 0.999349 0.008248 0.317900 0.033304 -0.009418 0.999401 -0.000500 0.000000 0.000000 0.000000 1.000000
0.998798 -0.035270 -0.034032 -0.000000 0.035526 0.999345 0.006947 0.317900 0.033765 -0.008148 0.999397 -0.000500 0.000000 0.000000 0.000000 1.000000
0.998799 -0.035121 -0.034165 0.000000 0.035356 0.999355 0.006314 0.317900 0.033921 -0.007515 0.999396 -0.000500 0.000000 0.000000 0.000000 1.000000
0.998786 -0.035186 -0.034470 0.000000 0.035414 0.999355 0.006030 0.317900 0.034235 -0.007243 0.999388 -0.000500 0.000000 0.000000 0.000000 1.000000
0.998813 -0.034555 -0.034340 0.000000 0.034757 0.999382 0.005316 0.317900 0.034135 -0.006504 0.999396 -0.000500 0.000000 0.000000 0.000000 1.000000
0.998822 -0.034306 -0.034316 -0.000000 0.034493 0.999393 0.004868 0.317900 0.034128 -0.006046 0.999399 -0.000500 0.000000 0.000000 0.000000 1.000000
0.998804 -0.034677 -0.034471 0.000000 0.034854 0.999382 0.004541 0.317900 0.034292 -0.005737 0.999395 -0.000500 0.000000 0.000000 0.000000 1.000000
0.998803 -0.034827 -0.034352 -0.000000 0.034996 0.999378 0.004343 0.317900 0.034180 -0.005540 0.999400 -0.000500 0.000000 0.000000 0.000000 1.000000
0.998845 -0.034086 -0.033874 0.000000 0.034242 0.999405 0.004024 0.317900 0.033716 -0.005179 0.999418 -0.000500 0.000000 0.000000 0.000000 1.000000
0.998864 -0.033829 -0.033574 0.000000 0.033969 0.999416 0.003585 0.317900 0.033433 -0.004721 0.999430 -0.000500 0.000000 0.000000 0.000000 1.000000
0.998859 -0.034182 -0.033362 -0.000000 0.034301 0.999407 0.003023 0.317900 0.033239 -0.004164 0.999439 -0.000500 0.000000 0.000000 0.000000 1.000000
